num_cranes: 1
lat: 41.61972
lon: -71.03916
