num_cranes: 1
lat: 36.97430
lon: -76.37386
